% Automatically generated Matlab file for Lot Sizing Problem
%
% Instance size: 15 periods, 10 item types
%
% h - storage cost
% C - 10x10 matrix containing change-over costs between 10 different item types
% D - 15x10 matrix containing demand D(p,t) for period p in 1..15 and item type t in 1..10
h = 10;

C = [
 0  131  109  191  193  107  124  138  107  179 ;
 193  0  175  110  187  169  120  153  162  119 ;
 101  136  0  170  116  195  154  160  173  165 ;
 187  110  175  0  134  150  175  150  183  124 ;
 157  102  156  181  0  130  178  170  131  141 ;
 130  151  161  157  196  0  138  184  112  107 ;
 170  110  174  154  114  196  0  165  192  175 ;
 110  121  136  162  195  117  139  0  190  103 ;
 165  178  125  126  111  175  119  193  0  180 ;
 144  192  168  172  184  184  191  150  113  0 ;
];
D = [
 0  0  0  0  0  0  0  0  0  0 ;
 0  0  0  0  0  0  0  0  0  0 ;
 0  0  0  0  0  0  0  0  0  0 ;
 0  0  0  0  0  0  0  0  0  0 ;
 0  0  0  0  0  0  0  0  0  0 ;
 0  0  0  0  0  0  0  1  0  0 ;
 0  0  0  0  0  0  0  0  0  0 ;
 0  0  0  0  0  0  0  0  0  0 ;
 0  0  0  0  0  0  0  0  0  0 ;
 0  0  0  1  0  0  0  0  0  0 ;
 0  0  0  0  0  0  0  0  0  0 ;
 1  0  0  0  1  1  0  0  0  0 ;
 0  1  0  1  0  0  0  0  0  1 ;
 1  0  1  0  0  0  1  0  1  0 ;
 0  0  0  0  0  0  0  0  0  0 ;
];
